{"cells":[{"source":"<a href=\"https://www.kaggle.com/code/victorazevedom/boston-housing?scriptVersionId=168733855\" target=\"_blank\"><img align=\"left\" alt=\"Kaggle\" title=\"Open in Kaggle\" src=\"https://kaggle.com/static/images/open-in-kaggle.svg\"></a>","metadata":{},"cell_type":"markdown"},{"cell_type":"code","execution_count":1,"id":"a0ef6a33","metadata":{"_cell_guid":"b1076dfc-b9ad-4769-8c92-a6c4dae69d19","_uuid":"8f2839f25d086af736a60e9eeb907d3b93b6e0e5","execution":{"iopub.execute_input":"2024-03-25T18:31:48.802835Z","iopub.status.busy":"2024-03-25T18:31:48.801689Z","iopub.status.idle":"2024-03-25T18:31:52.922841Z","shell.execute_reply":"2024-03-25T18:31:52.921736Z"},"papermill":{"duration":4.130253,"end_time":"2024-03-25T18:31:52.925717","exception":false,"start_time":"2024-03-25T18:31:48.795464","status":"completed"},"tags":[]},"outputs":[{"name":"stdout","output_type":"stream","text":["/kaggle/input/the-boston-housing-dataset/Boston (1).csv\n","/kaggle/input/the-boston-housing-dataset/The Boston Housing Dataset.txt\n"]}],"source":["import pandas as pd\n","import plotly.express as px\n","import matplotlib\n","import matplotlib.pyplot as plt\n","import seaborn as sns\n","%matplotlib inline\n","import numpy as np\n","from sklearn.linear_model import LinearRegression\n","from sklearn.preprocessing import StandardScaler\n","from sklearn.model_selection import train_test_split\n","from sklearn import preprocessing\n","from xgboost import XGBRegressor\n","from sklearn.metrics import mean_absolute_error\n","\n","import os\n","for dirname, _, filenames in os.walk('/kaggle/input'):\n","    for filename in filenames:\n","        print(os.path.join(dirname, filename))\n"]},{"cell_type":"code","execution_count":2,"id":"4dad1500","metadata":{"execution":{"iopub.execute_input":"2024-03-25T18:31:52.937375Z","iopub.status.busy":"2024-03-25T18:31:52.936287Z","iopub.status.idle":"2024-03-25T18:31:52.943103Z","shell.execute_reply":"2024-03-25T18:31:52.942032Z"},"papermill":{"duration":0.015479,"end_time":"2024-03-25T18:31:52.945753","exception":false,"start_time":"2024-03-25T18:31:52.930274","status":"completed"},"tags":[]},"outputs":[],"source":["sns.set_style('darkgrid')\n","matplotlib.rcParams['font.size'] = 14\n","matplotlib.rcParams['figure.figsize'] = (10, 6)\n","matplotlib.rcParams['figure.facecolor'] = '#00000000'"]},{"cell_type":"code","execution_count":3,"id":"47f7869b","metadata":{"execution":{"iopub.execute_input":"2024-03-25T18:31:52.956559Z","iopub.status.busy":"2024-03-25T18:31:52.955779Z","iopub.status.idle":"2024-03-25T18:31:52.977844Z","shell.execute_reply":"2024-03-25T18:31:52.97679Z"},"papermill":{"duration":0.030517,"end_time":"2024-03-25T18:31:52.980485","exception":false,"start_time":"2024-03-25T18:31:52.949968","status":"completed"},"tags":[]},"outputs":[],"source":["house_df_raw = pd.read_csv('/kaggle/input/the-boston-housing-dataset/Boston (1).csv')"]},{"cell_type":"code","execution_count":4,"id":"c6585a15","metadata":{"execution":{"iopub.execute_input":"2024-03-25T18:31:52.990982Z","iopub.status.busy":"2024-03-25T18:31:52.990301Z","iopub.status.idle":"2024-03-25T18:31:53.02314Z","shell.execute_reply":"2024-03-25T18:31:53.021876Z"},"papermill":{"duration":0.041017,"end_time":"2024-03-25T18:31:53.025896","exception":false,"start_time":"2024-03-25T18:31:52.984879","status":"completed"},"tags":[]},"outputs":[{"name":"stdout","output_type":"stream","text":["<class 'pandas.core.frame.DataFrame'>\n","RangeIndex: 506 entries, 0 to 505\n","Data columns (total 14 columns):\n"," #   Column   Non-Null Count  Dtype  \n","---  ------   --------------  -----  \n"," 0   CRIM     506 non-null    float64\n"," 1   ZN       506 non-null    float64\n"," 2   INDUS    506 non-null    float64\n"," 3   CHAS     506 non-null    int64  \n"," 4   NX       506 non-null    float64\n"," 5   RM       506 non-null    float64\n"," 6   AGE      506 non-null    float64\n"," 7   DIS      506 non-null    float64\n"," 8   RAD      506 non-null    int64  \n"," 9   TAX      506 non-null    float64\n"," 10  PTRATIO  506 non-null    float64\n"," 11  B        506 non-null    float64\n"," 12  LSTAT    506 non-null    float64\n"," 13  MEDV     506 non-null    float64\n","dtypes: float64(12), int64(2)\n","memory usage: 55.5 KB\n"]}],"source":["house_df_raw.info()"]},{"cell_type":"code","execution_count":5,"id":"3156b8ba","metadata":{"execution":{"iopub.execute_input":"2024-03-25T18:31:53.036249Z","iopub.status.busy":"2024-03-25T18:31:53.035805Z","iopub.status.idle":"2024-03-25T18:31:53.072785Z","shell.execute_reply":"2024-03-25T18:31:53.071573Z"},"papermill":{"duration":0.04565,"end_time":"2024-03-25T18:31:53.075898","exception":false,"start_time":"2024-03-25T18:31:53.030248","status":"completed"},"tags":[]},"outputs":[{"data":{"text/html":["<div>\n","<style scoped>\n","    .dataframe tbody tr th:only-of-type {\n","        vertical-align: middle;\n","    }\n","\n","    .dataframe tbody tr th {\n","        vertical-align: top;\n","    }\n","\n","    .dataframe thead th {\n","        text-align: right;\n","    }\n","</style>\n","<table border=\"1\" class=\"dataframe\">\n","  <thead>\n","    <tr style=\"text-align: right;\">\n","      <th></th>\n","      <th>CRIM</th>\n","      <th>ZN</th>\n","      <th>INDUS</th>\n","      <th>CHAS</th>\n","      <th>NX</th>\n","      <th>RM</th>\n","      <th>AGE</th>\n","      <th>DIS</th>\n","      <th>RAD</th>\n","      <th>TAX</th>\n","      <th>PTRATIO</th>\n","      <th>B</th>\n","      <th>LSTAT</th>\n","      <th>MEDV</th>\n","    </tr>\n","  </thead>\n","  <tbody>\n","    <tr>\n","      <th>CRIM</th>\n","      <td>1.000000</td>\n","      <td>-0.200469</td>\n","      <td>0.406583</td>\n","      <td>-0.055892</td>\n","      <td>0.420972</td>\n","      <td>-0.219247</td>\n","      <td>0.352734</td>\n","      <td>-0.379670</td>\n","      <td>0.625505</td>\n","      <td>0.582764</td>\n","      <td>0.289946</td>\n","      <td>-0.385064</td>\n","      <td>0.455621</td>\n","      <td>-0.388305</td>\n","    </tr>\n","    <tr>\n","      <th>ZN</th>\n","      <td>-0.200469</td>\n","      <td>1.000000</td>\n","      <td>-0.533828</td>\n","      <td>-0.042697</td>\n","      <td>-0.516604</td>\n","      <td>0.311991</td>\n","      <td>-0.569537</td>\n","      <td>0.664408</td>\n","      <td>-0.311948</td>\n","      <td>-0.314563</td>\n","      <td>-0.391679</td>\n","      <td>0.175520</td>\n","      <td>-0.412995</td>\n","      <td>0.360445</td>\n","    </tr>\n","    <tr>\n","      <th>INDUS</th>\n","      <td>0.406583</td>\n","      <td>-0.533828</td>\n","      <td>1.000000</td>\n","      <td>0.062938</td>\n","      <td>0.763651</td>\n","      <td>-0.391676</td>\n","      <td>0.644779</td>\n","      <td>-0.708027</td>\n","      <td>0.595129</td>\n","      <td>0.720760</td>\n","      <td>0.383248</td>\n","      <td>-0.356977</td>\n","      <td>0.603800</td>\n","      <td>-0.483725</td>\n","    </tr>\n","    <tr>\n","      <th>CHAS</th>\n","      <td>-0.055892</td>\n","      <td>-0.042697</td>\n","      <td>0.062938</td>\n","      <td>1.000000</td>\n","      <td>0.091203</td>\n","      <td>0.091251</td>\n","      <td>0.086518</td>\n","      <td>-0.099176</td>\n","      <td>-0.007368</td>\n","      <td>-0.035587</td>\n","      <td>-0.121515</td>\n","      <td>0.048788</td>\n","      <td>-0.053929</td>\n","      <td>0.175260</td>\n","    </tr>\n","    <tr>\n","      <th>NX</th>\n","      <td>0.420972</td>\n","      <td>-0.516604</td>\n","      <td>0.763651</td>\n","      <td>0.091203</td>\n","      <td>1.000000</td>\n","      <td>-0.302188</td>\n","      <td>0.731470</td>\n","      <td>-0.769230</td>\n","      <td>0.611441</td>\n","      <td>0.668023</td>\n","      <td>0.188933</td>\n","      <td>-0.380051</td>\n","      <td>0.590879</td>\n","      <td>-0.427321</td>\n","    </tr>\n","    <tr>\n","      <th>RM</th>\n","      <td>-0.219247</td>\n","      <td>0.311991</td>\n","      <td>-0.391676</td>\n","      <td>0.091251</td>\n","      <td>-0.302188</td>\n","      <td>1.000000</td>\n","      <td>-0.240265</td>\n","      <td>0.205246</td>\n","      <td>-0.209847</td>\n","      <td>-0.292048</td>\n","      <td>-0.355501</td>\n","      <td>0.128069</td>\n","      <td>-0.613808</td>\n","      <td>0.695360</td>\n","    </tr>\n","    <tr>\n","      <th>AGE</th>\n","      <td>0.352734</td>\n","      <td>-0.569537</td>\n","      <td>0.644779</td>\n","      <td>0.086518</td>\n","      <td>0.731470</td>\n","      <td>-0.240265</td>\n","      <td>1.000000</td>\n","      <td>-0.747881</td>\n","      <td>0.456022</td>\n","      <td>0.506456</td>\n","      <td>0.261515</td>\n","      <td>-0.273534</td>\n","      <td>0.602339</td>\n","      <td>-0.376955</td>\n","    </tr>\n","    <tr>\n","      <th>DIS</th>\n","      <td>-0.379670</td>\n","      <td>0.664408</td>\n","      <td>-0.708027</td>\n","      <td>-0.099176</td>\n","      <td>-0.769230</td>\n","      <td>0.205246</td>\n","      <td>-0.747881</td>\n","      <td>1.000000</td>\n","      <td>-0.494588</td>\n","      <td>-0.534432</td>\n","      <td>-0.232471</td>\n","      <td>0.291512</td>\n","      <td>-0.496996</td>\n","      <td>0.249929</td>\n","    </tr>\n","    <tr>\n","      <th>RAD</th>\n","      <td>0.625505</td>\n","      <td>-0.311948</td>\n","      <td>0.595129</td>\n","      <td>-0.007368</td>\n","      <td>0.611441</td>\n","      <td>-0.209847</td>\n","      <td>0.456022</td>\n","      <td>-0.494588</td>\n","      <td>1.000000</td>\n","      <td>0.910228</td>\n","      <td>0.464741</td>\n","      <td>-0.444413</td>\n","      <td>0.488676</td>\n","      <td>-0.381626</td>\n","    </tr>\n","    <tr>\n","      <th>TAX</th>\n","      <td>0.582764</td>\n","      <td>-0.314563</td>\n","      <td>0.720760</td>\n","      <td>-0.035587</td>\n","      <td>0.668023</td>\n","      <td>-0.292048</td>\n","      <td>0.506456</td>\n","      <td>-0.534432</td>\n","      <td>0.910228</td>\n","      <td>1.000000</td>\n","      <td>0.460853</td>\n","      <td>-0.441808</td>\n","      <td>0.543993</td>\n","      <td>-0.468536</td>\n","    </tr>\n","    <tr>\n","      <th>PTRATIO</th>\n","      <td>0.289946</td>\n","      <td>-0.391679</td>\n","      <td>0.383248</td>\n","      <td>-0.121515</td>\n","      <td>0.188933</td>\n","      <td>-0.355501</td>\n","      <td>0.261515</td>\n","      <td>-0.232471</td>\n","      <td>0.464741</td>\n","      <td>0.460853</td>\n","      <td>1.000000</td>\n","      <td>-0.177383</td>\n","      <td>0.374044</td>\n","      <td>-0.507787</td>\n","    </tr>\n","    <tr>\n","      <th>B</th>\n","      <td>-0.385064</td>\n","      <td>0.175520</td>\n","      <td>-0.356977</td>\n","      <td>0.048788</td>\n","      <td>-0.380051</td>\n","      <td>0.128069</td>\n","      <td>-0.273534</td>\n","      <td>0.291512</td>\n","      <td>-0.444413</td>\n","      <td>-0.441808</td>\n","      <td>-0.177383</td>\n","      <td>1.000000</td>\n","      <td>-0.366087</td>\n","      <td>0.333461</td>\n","    </tr>\n","    <tr>\n","      <th>LSTAT</th>\n","      <td>0.455621</td>\n","      <td>-0.412995</td>\n","      <td>0.603800</td>\n","      <td>-0.053929</td>\n","      <td>0.590879</td>\n","      <td>-0.613808</td>\n","      <td>0.602339</td>\n","      <td>-0.496996</td>\n","      <td>0.488676</td>\n","      <td>0.543993</td>\n","      <td>0.374044</td>\n","      <td>-0.366087</td>\n","      <td>1.000000</td>\n","      <td>-0.737663</td>\n","    </tr>\n","    <tr>\n","      <th>MEDV</th>\n","      <td>-0.388305</td>\n","      <td>0.360445</td>\n","      <td>-0.483725</td>\n","      <td>0.175260</td>\n","      <td>-0.427321</td>\n","      <td>0.695360</td>\n","      <td>-0.376955</td>\n","      <td>0.249929</td>\n","      <td>-0.381626</td>\n","      <td>-0.468536</td>\n","      <td>-0.507787</td>\n","      <td>0.333461</td>\n","      <td>-0.737663</td>\n","      <td>1.000000</td>\n","    </tr>\n","  </tbody>\n","</table>\n","</div>"],"text/plain":["             CRIM        ZN     INDUS      CHAS        NX        RM       AGE  \\\n","CRIM     1.000000 -0.200469  0.406583 -0.055892  0.420972 -0.219247  0.352734   \n","ZN      -0.200469  1.000000 -0.533828 -0.042697 -0.516604  0.311991 -0.569537   \n","INDUS    0.406583 -0.533828  1.000000  0.062938  0.763651 -0.391676  0.644779   \n","CHAS    -0.055892 -0.042697  0.062938  1.000000  0.091203  0.091251  0.086518   \n","NX       0.420972 -0.516604  0.763651  0.091203  1.000000 -0.302188  0.731470   \n","RM      -0.219247  0.311991 -0.391676  0.091251 -0.302188  1.000000 -0.240265   \n","AGE      0.352734 -0.569537  0.644779  0.086518  0.731470 -0.240265  1.000000   \n","DIS     -0.379670  0.664408 -0.708027 -0.099176 -0.769230  0.205246 -0.747881   \n","RAD      0.625505 -0.311948  0.595129 -0.007368  0.611441 -0.209847  0.456022   \n","TAX      0.582764 -0.314563  0.720760 -0.035587  0.668023 -0.292048  0.506456   \n","PTRATIO  0.289946 -0.391679  0.383248 -0.121515  0.188933 -0.355501  0.261515   \n","B       -0.385064  0.175520 -0.356977  0.048788 -0.380051  0.128069 -0.273534   \n","LSTAT    0.455621 -0.412995  0.603800 -0.053929  0.590879 -0.613808  0.602339   \n","MEDV    -0.388305  0.360445 -0.483725  0.175260 -0.427321  0.695360 -0.376955   \n","\n","              DIS       RAD       TAX   PTRATIO         B     LSTAT      MEDV  \n","CRIM    -0.379670  0.625505  0.582764  0.289946 -0.385064  0.455621 -0.388305  \n","ZN       0.664408 -0.311948 -0.314563 -0.391679  0.175520 -0.412995  0.360445  \n","INDUS   -0.708027  0.595129  0.720760  0.383248 -0.356977  0.603800 -0.483725  \n","CHAS    -0.099176 -0.007368 -0.035587 -0.121515  0.048788 -0.053929  0.175260  \n","NX      -0.769230  0.611441  0.668023  0.188933 -0.380051  0.590879 -0.427321  \n","RM       0.205246 -0.209847 -0.292048 -0.355501  0.128069 -0.613808  0.695360  \n","AGE     -0.747881  0.456022  0.506456  0.261515 -0.273534  0.602339 -0.376955  \n","DIS      1.000000 -0.494588 -0.534432 -0.232471  0.291512 -0.496996  0.249929  \n","RAD     -0.494588  1.000000  0.910228  0.464741 -0.444413  0.488676 -0.381626  \n","TAX     -0.534432  0.910228  1.000000  0.460853 -0.441808  0.543993 -0.468536  \n","PTRATIO -0.232471  0.464741  0.460853  1.000000 -0.177383  0.374044 -0.507787  \n","B        0.291512 -0.444413 -0.441808 -0.177383  1.000000 -0.366087  0.333461  \n","LSTAT   -0.496996  0.488676  0.543993  0.374044 -0.366087  1.000000 -0.737663  \n","MEDV     0.249929 -0.381626 -0.468536 -0.507787  0.333461 -0.737663  1.000000  "]},"execution_count":5,"metadata":{},"output_type":"execute_result"}],"source":["house_df_raw.corr()"]},{"cell_type":"code","execution_count":6,"id":"7f4acc04","metadata":{"execution":{"iopub.execute_input":"2024-03-25T18:31:53.08751Z","iopub.status.busy":"2024-03-25T18:31:53.087088Z","iopub.status.idle":"2024-03-25T18:31:53.094389Z","shell.execute_reply":"2024-03-25T18:31:53.093176Z"},"papermill":{"duration":0.016003,"end_time":"2024-03-25T18:31:53.096816","exception":false,"start_time":"2024-03-25T18:31:53.080813","status":"completed"},"tags":[]},"outputs":[],"source":["y = house_df_raw.MEDV\n","X = house_df_raw.drop(columns=['MEDV'])"]},{"cell_type":"code","execution_count":7,"id":"35cb8138","metadata":{"execution":{"iopub.execute_input":"2024-03-25T18:31:53.109115Z","iopub.status.busy":"2024-03-25T18:31:53.108118Z","iopub.status.idle":"2024-03-25T18:31:53.117987Z","shell.execute_reply":"2024-03-25T18:31:53.116757Z"},"papermill":{"duration":0.018814,"end_time":"2024-03-25T18:31:53.120564","exception":false,"start_time":"2024-03-25T18:31:53.10175","status":"completed"},"tags":[]},"outputs":[],"source":["X_train, X_valid, y_train, y_valid = train_test_split(X, y)"]},{"cell_type":"code","execution_count":8,"id":"c3032fb6","metadata":{"execution":{"iopub.execute_input":"2024-03-25T18:31:53.132433Z","iopub.status.busy":"2024-03-25T18:31:53.131987Z","iopub.status.idle":"2024-03-25T18:31:53.340142Z","shell.execute_reply":"2024-03-25T18:31:53.33899Z"},"papermill":{"duration":0.217091,"end_time":"2024-03-25T18:31:53.342675","exception":false,"start_time":"2024-03-25T18:31:53.125584","status":"completed"},"tags":[]},"outputs":[{"data":{"text/html":["<style>#sk-container-id-1 {color: black;background-color: white;}#sk-container-id-1 pre{padding: 0;}#sk-container-id-1 div.sk-toggleable {background-color: white;}#sk-container-id-1 label.sk-toggleable__label {cursor: pointer;display: block;width: 100%;margin-bottom: 0;padding: 0.3em;box-sizing: border-box;text-align: center;}#sk-container-id-1 label.sk-toggleable__label-arrow:before {content: \"▸\";float: left;margin-right: 0.25em;color: #696969;}#sk-container-id-1 label.sk-toggleable__label-arrow:hover:before {color: black;}#sk-container-id-1 div.sk-estimator:hover label.sk-toggleable__label-arrow:before {color: black;}#sk-container-id-1 div.sk-toggleable__content {max-height: 0;max-width: 0;overflow: hidden;text-align: left;background-color: #f0f8ff;}#sk-container-id-1 div.sk-toggleable__content pre {margin: 0.2em;color: black;border-radius: 0.25em;background-color: #f0f8ff;}#sk-container-id-1 input.sk-toggleable__control:checked~div.sk-toggleable__content {max-height: 200px;max-width: 100%;overflow: auto;}#sk-container-id-1 input.sk-toggleable__control:checked~label.sk-toggleable__label-arrow:before {content: \"▾\";}#sk-container-id-1 div.sk-estimator input.sk-toggleable__control:checked~label.sk-toggleable__label {background-color: #d4ebff;}#sk-container-id-1 div.sk-label input.sk-toggleable__control:checked~label.sk-toggleable__label {background-color: #d4ebff;}#sk-container-id-1 input.sk-hidden--visually {border: 0;clip: rect(1px 1px 1px 1px);clip: rect(1px, 1px, 1px, 1px);height: 1px;margin: -1px;overflow: hidden;padding: 0;position: absolute;width: 1px;}#sk-container-id-1 div.sk-estimator {font-family: monospace;background-color: #f0f8ff;border: 1px dotted black;border-radius: 0.25em;box-sizing: border-box;margin-bottom: 0.5em;}#sk-container-id-1 div.sk-estimator:hover {background-color: #d4ebff;}#sk-container-id-1 div.sk-parallel-item::after {content: \"\";width: 100%;border-bottom: 1px solid gray;flex-grow: 1;}#sk-container-id-1 div.sk-label:hover label.sk-toggleable__label {background-color: #d4ebff;}#sk-container-id-1 div.sk-serial::before {content: \"\";position: absolute;border-left: 1px solid gray;box-sizing: border-box;top: 0;bottom: 0;left: 50%;z-index: 0;}#sk-container-id-1 div.sk-serial {display: flex;flex-direction: column;align-items: center;background-color: white;padding-right: 0.2em;padding-left: 0.2em;position: relative;}#sk-container-id-1 div.sk-item {position: relative;z-index: 1;}#sk-container-id-1 div.sk-parallel {display: flex;align-items: stretch;justify-content: center;background-color: white;position: relative;}#sk-container-id-1 div.sk-item::before, #sk-container-id-1 div.sk-parallel-item::before {content: \"\";position: absolute;border-left: 1px solid gray;box-sizing: border-box;top: 0;bottom: 0;left: 50%;z-index: -1;}#sk-container-id-1 div.sk-parallel-item {display: flex;flex-direction: column;z-index: 1;position: relative;background-color: white;}#sk-container-id-1 div.sk-parallel-item:first-child::after {align-self: flex-end;width: 50%;}#sk-container-id-1 div.sk-parallel-item:last-child::after {align-self: flex-start;width: 50%;}#sk-container-id-1 div.sk-parallel-item:only-child::after {width: 0;}#sk-container-id-1 div.sk-dashed-wrapped {border: 1px dashed gray;margin: 0 0.4em 0.5em 0.4em;box-sizing: border-box;padding-bottom: 0.4em;background-color: white;}#sk-container-id-1 div.sk-label label {font-family: monospace;font-weight: bold;display: inline-block;line-height: 1.2em;}#sk-container-id-1 div.sk-label-container {text-align: center;}#sk-container-id-1 div.sk-container {/* jupyter's `normalize.less` sets `[hidden] { display: none; }` but bootstrap.min.css set `[hidden] { display: none !important; }` so we also need the `!important` here to be able to override the default hidden behavior on the sphinx rendered scikit-learn.org. See: https://github.com/scikit-learn/scikit-learn/issues/21755 */display: inline-block !important;position: relative;}#sk-container-id-1 div.sk-text-repr-fallback {display: none;}</style><div id=\"sk-container-id-1\" class=\"sk-top-container\"><div class=\"sk-text-repr-fallback\"><pre>XGBRegressor(base_score=None, booster=None, callbacks=None,\n","             colsample_bylevel=None, colsample_bynode=None,\n","             colsample_bytree=None, device=None, early_stopping_rounds=5,\n","             enable_categorical=False, eval_metric=None, feature_types=None,\n","             gamma=None, grow_policy=None, importance_type=None,\n","             interaction_constraints=None, learning_rate=0.05, max_bin=None,\n","             max_cat_threshold=None, max_cat_to_onehot=None,\n","             max_delta_step=None, max_depth=None, max_leaves=None,\n","             min_child_weight=None, missing=nan, monotone_constraints=None,\n","             multi_strategy=None, n_estimators=1000, n_jobs=4,\n","             num_parallel_tree=None, random_state=None, ...)</pre><b>In a Jupyter environment, please rerun this cell to show the HTML representation or trust the notebook. <br />On GitHub, the HTML representation is unable to render, please try loading this page with nbviewer.org.</b></div><div class=\"sk-container\" hidden><div class=\"sk-item\"><div class=\"sk-estimator sk-toggleable\"><input class=\"sk-toggleable__control sk-hidden--visually\" id=\"sk-estimator-id-1\" type=\"checkbox\" checked><label for=\"sk-estimator-id-1\" class=\"sk-toggleable__label sk-toggleable__label-arrow\">XGBRegressor</label><div class=\"sk-toggleable__content\"><pre>XGBRegressor(base_score=None, booster=None, callbacks=None,\n","             colsample_bylevel=None, colsample_bynode=None,\n","             colsample_bytree=None, device=None, early_stopping_rounds=5,\n","             enable_categorical=False, eval_metric=None, feature_types=None,\n","             gamma=None, grow_policy=None, importance_type=None,\n","             interaction_constraints=None, learning_rate=0.05, max_bin=None,\n","             max_cat_threshold=None, max_cat_to_onehot=None,\n","             max_delta_step=None, max_depth=None, max_leaves=None,\n","             min_child_weight=None, missing=nan, monotone_constraints=None,\n","             multi_strategy=None, n_estimators=1000, n_jobs=4,\n","             num_parallel_tree=None, random_state=None, ...)</pre></div></div></div></div></div>"],"text/plain":["XGBRegressor(base_score=None, booster=None, callbacks=None,\n","             colsample_bylevel=None, colsample_bynode=None,\n","             colsample_bytree=None, device=None, early_stopping_rounds=5,\n","             enable_categorical=False, eval_metric=None, feature_types=None,\n","             gamma=None, grow_policy=None, importance_type=None,\n","             interaction_constraints=None, learning_rate=0.05, max_bin=None,\n","             max_cat_threshold=None, max_cat_to_onehot=None,\n","             max_delta_step=None, max_depth=None, max_leaves=None,\n","             min_child_weight=None, missing=nan, monotone_constraints=None,\n","             multi_strategy=None, n_estimators=1000, n_jobs=4,\n","             num_parallel_tree=None, random_state=None, ...)"]},"execution_count":8,"metadata":{},"output_type":"execute_result"}],"source":["model = XGBRegressor(early_stopping_rounds=5, n_estimators=1000, learning_rate=0.05, n_jobs=4)\n","model.fit(X_train, y_train, \n","             eval_set=[(X_valid, y_valid)],\n","             verbose=False)"]},{"cell_type":"code","execution_count":9,"id":"0498136b","metadata":{"execution":{"iopub.execute_input":"2024-03-25T18:31:53.355038Z","iopub.status.busy":"2024-03-25T18:31:53.35461Z","iopub.status.idle":"2024-03-25T18:31:53.368386Z","shell.execute_reply":"2024-03-25T18:31:53.367511Z"},"papermill":{"duration":0.023103,"end_time":"2024-03-25T18:31:53.371383","exception":false,"start_time":"2024-03-25T18:31:53.34828","status":"completed"},"tags":[]},"outputs":[{"name":"stdout","output_type":"stream","text":["Mean Absolute Error: 2.499144345381128\n"]}],"source":["predictions = model.predict(X_valid)\n","print(\"Mean Absolute Error: \" + str(mean_absolute_error(predictions, y_valid)))"]}],"metadata":{"kaggle":{"accelerator":"none","dataSources":[{"datasetId":4657107,"sourceId":7929841,"sourceType":"datasetVersion"}],"dockerImageVersionId":30673,"isGpuEnabled":false,"isInternetEnabled":true,"language":"python","sourceType":"notebook"},"kernelspec":{"display_name":"Python 3","language":"python","name":"python3"},"language_info":{"codemirror_mode":{"name":"ipython","version":3},"file_extension":".py","mimetype":"text/x-python","name":"python","nbconvert_exporter":"python","pygments_lexer":"ipython3","version":"3.10.13"},"papermill":{"default_parameters":{},"duration":9.041326,"end_time":"2024-03-25T18:31:54.098312","environment_variables":{},"exception":null,"input_path":"__notebook__.ipynb","output_path":"__notebook__.ipynb","parameters":{},"start_time":"2024-03-25T18:31:45.056986","version":"2.5.0"}},"nbformat":4,"nbformat_minor":5}